bboxes:[[    0.25875     0.24668     0.51749       0.184]
 [    0.91131     0.24668     0.17737       0.184]]
bboxes:[[    0.15486    0.025567     0.14496    0.051133]
 [    0.76521    0.025567     0.14496    0.051133]
 [    0.15486     0.61428     0.14496    0.094414]
 [    0.76521     0.61428     0.14496    0.094414]]
bboxes:[[    0.45562      0.3115     0.91124     0.47125]]
bboxes:[[    0.63569      0.0554     0.17332      0.1108]
 [    0.63569     0.77214     0.17332     0.13683]]
bboxes:[[    0.23568     0.16104     0.47137     0.32208]
 [    0.36738    0.028417     0.20797    0.056833]
 [    0.75948     0.16104     0.48105     0.32208]
 [    0.61236    0.042076     0.18506    0.084151]
 [    0.23568     0.87253     0.47137     0.25493]
 [    0.75948     0.87253     0.48105     0.25493]]
bboxes:[[    0.22467     0.24872     0.44934     0.38626]
 [    0.73974     0.24872     0.52051     0.38626]
 [    0.22467     0.82927     0.44934     0.34147]
 [    0.73974     0.82927     0.52051     0.34147]]
bboxes:[[    0.13877     0.32141     0.27755     0.64283]]
bboxes:[[    0.58534     0.40911     0.55872     0.81821]]
bboxes:[[    0.79148     0.14219     0.41705     0.22713]]
bboxes:[[    0.91393     0.23965     0.17213      0.4793]]
bboxes:[[    0.81484     0.60313     0.32226     0.20989]]
bboxes:[[   0.023229     0.23193    0.046458    0.073783]
 [    0.54537     0.23193     0.12648    0.073783]
 [   0.023229     0.79408    0.046458    0.073783]
 [    0.54537     0.79408     0.12648    0.073783]]
bboxes:[[    0.22372     0.70748     0.44743      0.3375]]
bboxes:[[    0.57524      0.3582     0.84953      0.7164]]
bboxes:[[    0.39867     0.30896     0.15301     0.18235]
 [    0.80419     0.39736     0.19265     0.43684]
 [    0.39867     0.81637     0.15301     0.18235]
 [    0.90607     0.81637     0.15301     0.18235]]
bboxes:[[   0.066809     0.14059      0.0746     0.13953]
 [    0.91228     0.24144     0.17544     0.16578]]
bboxes:[[    0.46679     0.45134     0.20447     0.15682]]
bboxes:[[    0.52046     0.28534    0.059191    0.076103]]
bboxes:[[    0.29758     0.23971     0.59516     0.47942]
 [    0.80919     0.23971     0.38161     0.47942]
 [    0.29758     0.77153     0.59516     0.45694]
 [    0.97762     0.97606    0.044757     0.04787]]
bboxes:[[    0.46491     0.23313     0.92983     0.46626]
 [    0.47271     0.95848     0.24379     0.08304]]
bboxes:[[    0.21601     0.55158     0.43202     0.54873]
 [    0.77424     0.55158     0.45151     0.54873]
 [    0.53852     0.66594    0.087084     0.27279]]
bboxes:[[    0.25215    0.086923     0.49641     0.17385]
 [        0.5     0.64768           1     0.70465]]
bboxes:[[   0.041352      0.2593    0.082705    0.081227]
 [    0.55409      0.2593     0.22543    0.081227]
 [    0.10068     0.86895     0.20135     0.10952]
 [    0.58421     0.86895     0.40248     0.10952]]
bboxes:[[    0.24276    0.037632     0.48553    0.075264]
 [    0.26181     0.74641     0.31063     0.37018]]
bboxes:[[    0.39516     0.61822     0.18118      0.2995]]
bboxes:[[    0.50321      0.1255    0.046212    0.063741]
 [    0.87291    0.034267     0.16413    0.021512]
 [    0.36299       0.492     0.16413     0.12589]
 [    0.99502     0.63542   0.0099659    0.063741]]
bboxes:[[    0.25992    0.031102    0.029876    0.019206]
 [    0.61417    0.034303    0.038412    0.017072]
 [    0.59176   0.0032803     0.05335   0.0065606]
 [    0.65044    0.089787    0.027742    0.019206]
 [      0.723    0.020432    0.029876    0.014938]
 [    0.75501    0.089787    0.034144    0.019206]
 [    0.80303    0.076983    0.027742    0.023474]
 [    0.86705    0.070581    0.034144    0.014938]
 [    0.86705    0.011896    0.027742    0.019206]
 [    0.91933    0.079117    0.027742    0.014938]
 [    0.79022     0.58488     0.18779    0.078959]
 [    0.90012     0.46431     0.12377    0.051216]
 [    0.97567     0.41096     0.04866    0.046948]
 [    0.17029     0.46857     0.13444     0.05335]
 [    0.47439     0.40669    0.093897    0.046948]
 [    0.66538     0.38001    0.078959    0.034144]
 [     0.7358     0.34587    0.087495    0.029876]
 [    0.58322     0.31493    0.049082    0.025608]
 [     0.8169      0.3256    0.044814    0.023474]
 [    0.87025     0.31279    0.057618    0.025608]
 [    0.12761     0.36721    0.087495     0.04268]
 [    0.32074     0.34694    0.087495     0.03201]
 [    0.44985     0.32239    0.059752    0.029876]
 [    0.24285     0.30212    0.078959     0.02134]
 [    0.38689     0.29038    0.044814    0.019206]
 [    0.48933     0.28185     0.04268    0.019206]]
bboxes:[[    0.52092     0.10578    0.030891    0.045307]
 [    0.54769     0.30554     0.03295    0.051485]
 [    0.51371     0.52075    0.039129    0.061782]
 [    0.37676     0.70918    0.049426     0.07002]
 [    0.19038     0.83686    0.047366    0.080317]
 [   0.061672    0.050172    0.041188    0.049426]
 [    0.99472     0.61651    0.010568    0.061782]
 [    0.99163      0.4291    0.016746    0.041188]]
bboxes:[[     0.7823     0.12699     0.18092     0.12955]
 [     0.5282     0.89406     0.94361     0.21187]]
bboxes:[[    0.52842    0.050527     0.30134     0.10105]
 [    0.35867     0.71391     0.30897     0.57218]]
bboxes:[[        0.5     0.13606           1     0.27212]
 [    0.41168     0.76567     0.26192     0.43297]]
bboxes:[[    0.60542    0.052635     0.78915     0.10527]
 [   0.056493     0.60903     0.11299     0.78194]
 [    0.60542     0.60903     0.78915     0.78194]]
bboxes:[[    0.27159    0.046855     0.54319    0.093711]
 [    0.47393     0.62438     0.25366     0.20025]]
bboxes:[[        0.5      0.5429           1     0.91421]]
bboxes:[[   0.094244     0.25236     0.18849     0.11756]
 [    0.88687     0.25236     0.22626     0.11756]
 [    0.67151     0.98334     0.19423    0.033323]]
bboxes:[[    0.10833    0.095842     0.21666     0.19168]
 [    0.74058     0.19353     0.29251     0.30979]
 [   0.031807     0.86305    0.063615     0.27391]
 [    0.57581     0.83281     0.29991     0.33438]]
bboxes:[[    0.50683     0.36389     0.37349     0.25617]
 [    0.93612     0.92412     0.12775     0.15176]]
bboxes:[[    0.71907     0.20373     0.56186     0.40747]
 [    0.21183     0.83516     0.42366     0.32968]
 [    0.91965     0.70384     0.11733     0.19962]]
bboxes:[[   0.069306     0.44182     0.13861      0.2486]
 [    0.46804     0.51317     0.38907     0.25195]]
bboxes:[[    0.50364      0.5643     0.92805     0.25253]]
bboxes:[[    0.50017     0.39629     0.32366    0.081155]
 [    0.91409     0.50015     0.17183     0.53234]
 [    0.50017     0.98702     0.32366    0.025964]]
bboxes:[[    0.55987     0.69023     0.88026     0.61954]]
bboxes:[[    0.68873     0.16483     0.62253     0.30064]
 [     0.1789     0.87728     0.35781     0.24545]
 [    0.67637      0.8274     0.11679    0.076317]]
bboxes:[[        0.5     0.34371           1     0.68742]]
bboxes:[[    0.43318    0.093628     0.35676     0.18726]
 [    0.91654    0.084416     0.16693     0.16883]
 [    0.40052     0.66503     0.29228     0.18927]
 [    0.89539     0.54109     0.20922      0.3643]]
bboxes:[[    0.16927     0.73282     0.33855     0.53436]
 [    0.20922     0.95695     0.25866    0.086092]
 [    0.86217     0.79694     0.27566     0.40612]]
bboxes:[[    0.51303     0.48896     0.50941     0.18355]]
bboxes:[[    0.10674       0.432    0.028676    0.040966]
 [  0.0093294     0.39649    0.018659    0.038235]
 [   0.097861     0.33914    0.030042    0.042332]
 [    0.01206     0.28452    0.024121    0.031408]
 [   0.023438     0.19644    0.027311    0.042332]
 [   0.051432     0.11382    0.028677    0.038235]
 [    0.12107     0.15001     0.02458    0.035504]
 [    0.14429    0.089928    0.021849    0.031408]
 [    0.22076    0.042133    0.023214    0.034139]
 [    0.24261     0.11246    0.023214    0.038235]
 [    0.31567    0.081052    0.025945    0.034139]
 [    0.33683     0.17664     0.02458    0.040966]
 [    0.34025     0.28247     0.02458    0.034139]
 [    0.33273     0.39376    0.030042    0.051891]
 [    0.24739     0.33231    0.031408    0.040966]
 [    0.22076     0.43678    0.030042    0.045063]
 [    0.94187     0.12143     0.11627     0.24287]
 [    0.31293     0.89181     0.25945     0.21637]
 [    0.94187     0.90137     0.11627     0.19726]]
bboxes:[[    0.58213     0.45694     0.26867     0.44412]]
bboxes:[[    0.53659    0.015985     0.62968    0.031969]
 [   0.054537     0.45231     0.10907      0.4695]
 [    0.53052      0.5081     0.38333     0.26292]]
bboxes:[[    0.13574     0.40855     0.27148      0.8171]
 [    0.79166     0.31885     0.41667     0.63769]]
bboxes:[[   0.039509    0.085735    0.079018     0.17147]
 [    0.69537     0.22825     0.60926     0.45649]
 [   0.039509      0.8061    0.079018     0.32042]
 [    0.74097     0.80051     0.18256     0.30179]]
bboxes:[[   0.038822     0.53939    0.077645      0.2547]
 [    0.56688     0.66847     0.27314     0.28928]]
bboxes:[[    0.59132     0.48883     0.81735     0.52858]]
bboxes:[[    0.45812     0.29011     0.88373     0.58023]]
bboxes:[[    0.17505     0.65051      0.3501     0.44171]
 [    0.92611     0.65051     0.14778     0.44171]]
bboxes:[[    0.73466     0.15418     0.53068     0.30836]
 [    0.45482     0.13701      0.1267     0.27402]
 [    0.85703     0.78537     0.14959      0.1038]]
bboxes:[[    0.31909     0.24507     0.45796     0.24527]]
bboxes:[[   0.001738     0.47745   0.0034759     0.03098]
 [   0.071815     0.52483    0.021868    0.033714]
 [    0.17523      0.5139    0.024602    0.031891]
 [    0.26271     0.45558    0.023691    0.030069]
 [    0.23583     0.06104     0.01549    0.021868]
 [     0.2864     0.10842    0.012757    0.018224]
 [    0.17478    0.030516     0.01549    0.020046]
 [    0.11418     0.15398    0.013668    0.019135]
 [   0.055869     0.16719    0.019135    0.018224]
 [  0.0060661     0.20182    0.012132    0.019135]
 [    0.72832     0.27745     0.48202     0.47655]
 [    0.47866     0.37677    0.075628     0.23691]
 [    0.23583      0.6442     0.01549    0.021868]
 [     0.2864     0.69158    0.012757    0.018224]
 [    0.17478     0.61367     0.01549    0.020046]
 [    0.11418     0.73714    0.013668    0.019135]
 [   0.055869     0.75035    0.019135    0.018224]
 [  0.0060661     0.78498    0.012132    0.019135]
 [    0.71876     0.80047    0.089296    0.061961]]
bboxes:[[     0.4541     0.59963     0.21058     0.35652]
 [    0.92368     0.49532     0.15264    0.047014]
 [    0.16418     0.94245    0.026445    0.040158]
 [    0.83952     0.94979    0.052891    0.098925]]
bboxes:[[    0.72534     0.45232     0.54932     0.90465]]
bboxes:[[    0.80122     0.52454     0.18229    0.092145]]
bboxes:[[   0.043288     0.97174    0.031816    0.043179]
 [    0.06715     0.87629    0.034089    0.040906]
 [    0.26941     0.92288    0.027271    0.036361]]
bboxes:[[    0.23727     0.26739     0.32109     0.25993]]
bboxes:[[    0.31914     0.70951      0.5565     0.54788]
 [    0.82343     0.67503    0.014367    0.021072]
 [    0.90485     0.69754    0.013409    0.018199]
 [    0.91491     0.65731    0.014367    0.017241]
 [     0.9972     0.67695   0.0055943    0.015325]]
bboxes:[[    0.26535     0.26599     0.53069     0.53198]
 [    0.90001    0.051778     0.19997     0.10356]
 [   0.047846      0.9959    0.032097    0.008201]
 [     0.8384     0.87178    0.075358     0.14095]]
bboxes:[[    0.52233    0.091138    0.028482    0.033229]
 [    0.65288    0.074523    0.024526    0.032438]
 [    0.60145    0.023097    0.016614    0.021362]
 [    0.51838    0.040107    0.018197    0.024526]
 [    0.50691     0.55872    0.059338     0.13845]
 [    0.88419     0.50334     0.23161     0.18513]]
bboxes:[[    0.10317     0.14532     0.20634     0.29064]
 [    0.50641    0.063946    0.078468     0.12789]
 [    0.61116     0.95774     0.77767    0.084516]]
bboxes:[[   0.099192     0.82774     0.19838      0.2206]]
bboxes:[[    0.38586    0.050506     0.31988     0.10101]
 [    0.43333     0.46537     0.36008    0.078687]
 [    0.85095     0.41619     0.29811     0.20014]]
bboxes:[[     0.5813     0.17798      0.8374     0.35596]]
bboxes:[[    0.66418     0.44374     0.62803     0.17944]]
bboxes:[[    0.50773     0.33745     0.62769     0.52984]
 [    0.52959     0.88108     0.63498     0.23784]
 [    0.93499     0.90996     0.13002     0.18007]]
bboxes:[[    0.11651     0.16557     0.23303     0.33114]]
bboxes:[[    0.90077    0.060076     0.15293     0.12015]
 [    0.81338     0.83833     0.37324     0.32334]]
bboxes:[[    0.34962     0.64877     0.69923     0.70245]]
bboxes:[[    0.10611      0.1825     0.21223       0.365]
 [    0.52583     0.10214     0.24257     0.14883]
 [    0.65002     0.86999     0.20778     0.26002]]
bboxes:[[    0.66561     0.85935     0.66879     0.22543]]
bboxes:[[    0.11471      0.5929     0.22942     0.19558]
 [    0.84985     0.55417     0.30031     0.89165]]
bboxes:[[    0.48384      0.2255     0.96768       0.451]
 [    0.33791     0.98964    0.055364    0.020728]]
bboxes:[[     0.2493     0.61382     0.10491    0.059133]
 [    0.78531     0.43308     0.42061     0.11445]
 [    0.79275     0.94592      0.4145     0.10816]]
bboxes:[[   0.028751     0.45404    0.057502      0.2573]
 [    0.70271     0.29396     0.34764    0.094277]]
bboxes:[[    0.12534     0.37713     0.25067     0.28364]
 [    0.90617     0.55686     0.18766     0.18395]
 [    0.17694     0.92376     0.35388     0.15248]]
bboxes:[[    0.21823     0.57887     0.43646     0.84226]]
